ハルト
13 
68 
20 
34 
15 
13 
15 
4 
3806 
1140 
51 
0 
220 
0 
221 
0 
206 
0 
0 
0 
0 
0 
0 
0 
0 
0 
0 
51 
50 
0 
0 
0 
0 
0 
23 
0 
0 
0 
2 
0 
0 
0 
0 
0 
0 
1 
0 
0 
0 
7 
0 
0 
7 
2 
3 
0 
1 
0 
0 
1 
1 
1 
1 
2 
1 
0 
0 
0 
0 
1 
1 
1 
4 
1 
4 
0 
-1 
0 
0 
1 
0 
1 
1 
1 
1 
1 
2 
0 
25 
85 
0 
1 
6 
1 
1 
0 
0 
1 
0 
4 
0 
0 
0 
0 
15 
0 
15 
0 
8 
0 
1 
0 
0 
0 
0 
1 
0 
2 
2 
1 
1 
0 
3 
0 
0 
0 
0 
1 
3 
0 
0 
1 
2 
0 
1 
0 
1 
2 
0 
1 
1 
1 
1 
1 
1 
0 
0 
0 
0 
0 
0 
0 
0 
0 
0 
0 
0 
0 
0 
1 
1 
0 
0 
0 
0 
1 
0 
0 
1 
0 
0 
0 
1 
0 
0 
0 
1 
0 
0 
0 
0 
0 
0 
0 
0 
0 
0 
0 
0 
0 
0 
0 
0 
0 
0 
0 
0 
0 
0 
0 
0 
0 
0 
0 
0 
0 
0 
0 
0 
0 
0 
0 
0 
0 
0 
0 
0 
0 
0 
0 
0 
0 
0 
0 
0 
0 
0 
0 
0 
205 
51 
14 
7 
12 
14 
0 
0 
0 
0 
0 
0 
0 
0 
0 
0 
0 
0 
0 
0 
0 
0 
0 
0 
0 
0 
0 
0 
0 
0 
0 
0 
0 
0 
0 
0 
0 
0 
0 
0 
0 
0 
0 
0 
0 
0 
0 
0 
0 
0 
1 
0 
0 
0 
1 
0 
0 
0 
0 
0 
1 
0 
0 
0 
0 
0 
0 
1 
0 
0 
1 
0 
0 
0 
0 
2 
0 
1 
0 
0 
0 
0 
0 
0 
0 
0 
0 
0 
0 
1 
0 
0 
0 
0 
0 
0 
0 
0 
0 
0 
13 
3 
14 
24 
47 
0 
0 
0 
0 
0 
999 
0 
46 
14 
15 
0 
0 
0 
0 
0 
0 
0 
999 
0 
0 
0 
0 
0 
0 
0 
0 
0 
0 
0 
0 
0 
0 
0 
0 
0 
0 
0 
0 
0 
0 
0 
0 
0 
0 
0 
1 
-625 
1 
1 
2 
2 
1 
6 
2 
0 
0 
0 
0 
0 
0 
0 
0 
0 
0 
26 
3 
0 
0 
1 
1 
1 
0 
1 
30 
1 
0 
0 
80 
50 
0 
2 
1 
0 
0 
0 
0 
2 
0 
0 
0 
5 
6 
1 
4 
1 
1 
0 
1 
0 
0 
0 
0 
0 
4 
1 
0 
0 
0 
2 
1 
1 
1 
1 
1 
0 
0 
1 
0 
0 
0 
1 
1 
0 
0 
0 
0 
1 
1 
0 
0 
0 
0 
0 
0 
0 
3 
0 
0 
0 
0 
0 
0 
0 
0 
0 
17 
0 
1 
1 
1 
2 
1 
0 
1 
3 
4 
0 
0 
0 
0 
0 
0 
0 
0 
0 
0 
0 
0 
0 
0 
0 
1 
0 
0 
0 
0 
0 
0 
0 
0 
0 
0 
0 
0 
0 
0 
0 
1 
0 
0 
0 
5 
0 
0 
0 
0 
0 
0 
0 
0 
0 
0 
0 
0 
0 
0 
0 
208 
1 
1 
1 
337 
319 
568869 